-1714.5078915942383
-1152.5878178287385
-1026.9627067139943
-1586.1998282464615
-1427.3419947237085
-1495.0847312127837
-1527.2542460204893
-1595.525373012101
-1682.773463181077
-1445.3407216837682
-1574.1563437052266
-1541.9646349896145
-1665.1958195806983
-1172.3447930613718
-607.5757593132633
-1492.6523828199813
-1387.5607457405176
-1409.031122236958
-1515.7978320020684
-1690.7701967543424
-1281.4633246703763
-1253.9165825456348
-1706.5802375396092
-1531.7817454032106
-1539.2766749296932
-1299.3529602810477
-1457.0786116419922
-1509.7888818705198
-1622.7614508821598
-1146.974808399381
-1243.525539121744
-1234.72732488152
-1556.6016813929893
-1038.522948001389
-1013.71668223097
-1319.5024021198797
-1175.3511487397175
-1385.9574300682425
-1376.1629186710388
-1101.1757711196863
-1517.5041845464903
-974.3857457111233
-1616.8572656092072
-1047.6934977587166
-1095.0596495704774
-1592.6341754439027
-1092.6541563866876
-965.5297183056015
-983.0138163288203
-1698.6269825971428
-1380.7183663651463
-1244.8860605841066
-1028.3328110870377
-1038.4455343095465
-942.4910793893731
-883.3076516376555
-1210.713237901758
-1186.7613163544274
-1336.932904963222
-1242.7791615008123
-864.5695681901856
-1059.083914239759
-1024.5288736316188
-1031.7370711350877
-851.0290789837319
-798.7436059236502
-831.8598412306607
-770.9224440858276
-1158.6205549237554
-902.9845057437574
-669.7016906387669
-751.3234052348284
-734.837676216861
-1019.0514237399744
-504.2229905026986
-551.5208645804747
-794.6889263044864
-949.0387142464069
-516.3869844054387
-1155.0631180410774
-375.80112724803513
-571.3927586805243
-791.1903233583822
-616.3638242372205
-336.58558059671043
-503.3708497252882
-447.92316444324274
-455.7325850342601
-761.6003017483197
-1019.7364981159392
-516.9609347432452
-639.1208478940322
-339.8783556932966
-407.08900086602375
-371.0520792329047
-611.388769419798
-316.1430523220157
-847.9496680600153
-415.82071427707933
-694.0948870537811
-600.0066861171498
-754.4893304042023
-818.7572128348737
-535.505849440145
-474.704602491704
-375.075107938353
-439.6512012616529
-305.3328489110727
-473.76611108732413
-372.95224293515435
-540.2052075259428
-480.9398948547614
-665.269200038413
-304.73816226703036
-208.50504767128635
-368.59143031471535
-445.57191610339123
-467.17400532899785
-336.1376595056127
-381.37420685424075
-361.42395342340603
-478.89601550184705
-429.44450218818594
-513.8086012312955
-527.4103578294566
-549.6844404526871
-598.9127256796623
-556.2718107601629
-361.57648852082485
-187.45482593166938
-487.31996537156783
-352.6584344872733
-262.549031020484
-141.2536798311725
-386.5335248539241
-367.35656820890665
-372.5336168455627
-188.99949261431507
-362.0252245501676
-78.98154071955442
-230.97971103301538
-656.874944617374
-191.6401156373911
-467.2354073476638
-332.1885360739161
-309.81953873483724
-262.9329480494065
-93.68442169292797
-143.0605795732417
-436.93830816145714
-306.44792704827887
-605.1137294902037
-258.19879886841306
-233.4419656070607
-273.5376813498553
-300.2731087913467
-284.5007682500053
-364.86777941015316
-255.44363599057542
-364.8296711812382
-272.1181012433842
-156.33378437025357
-208.40726259941783
-217.8658655317845
-190.62308153932932
-369.4411095078788
-491.49350466754436
-155.8998066021277
-158.04296630099793
-321.77260311298676
-226.18340458819503
-321.4409794706097
-563.994917088981
-153.13514871205766
-287.82510249343
-308.35020733570843
-224.90305566140782
-197.51372754095323
-136.27164508938915
-255.25149570191743
-336.2297157963501
-156.64806690599292
-345.68670817180464
-586.1310490576988
-477.7233428524306
-92.46226270360154
-194.95495692047447
-131.33600458583481
-269.1819372636371
-371.73146015611894
-186.33886674911358
-260.10811715411273
-110.02690416857409
-315.9616649685323
-121.72078812512345
-377.3428415248206
-104.48053624962056
-153.59491593385002
-160.78456480966778
-159.2328858263119
-208.79053958860897
-272.63500143958333
-122.4644182668629
-263.54547259355496
-220.7703700216293
-276.15951839618697
-150.96146392303595
-155.1809023383006
-174.58034492572136
-106.21132648285098
-464.2169929488265
-104.68441525979316
-221.20590777208008
-136.3800569376392
-164.5362016564077
-197.96966735224456
-263.18775947817846
-182.6864835921833
-266.2122478557112
-129.69147766381218
-111.13352682832864
-212.19135234164156
-364.5599256875812
-250.74553454484055
-147.6766221719646
-1030.3769478991703
-171.63034644289647
-194.34696428493055
-80.67885582872162
-104.87199669893269
-167.35808129178955
-94.91755040989705
-196.09424128476235
-180.53350355187652
-159.2336126991896
-126.92045171556407
-124.84410142206441
-170.82565827586708
-327.22597905109114
-113.82783305018674
-139.32539951298546
-124.92440861000681
-156.8777811216861
-238.33394986707168
-199.92415223631724
-195.3856566970226
-113.33976665671749
-174.16197467507985
-240.50770028364317
-139.534452123366
-131.65691737495973
-276.23969590537627
-97.09121994531716
-189.5695373007282
-187.8504818455973
-156.8082255984689
-79.53757582920316
-477.2680822818941
-168.90111732962222
-169.58635353971883
-163.1452120680324
-159.8587658194983
-119.18674840773812
-218.56006485579363
-224.13552789253052
-112.45314091820504
-134.15812284638298
-150.0126224993877
-248.82460988851136
-141.85845545556623
-131.9811543191343
-96.60694204308372
-96.24103838401936
-85.37177099908699
-65.77146327727469
-179.21807408169306
-302.6345462926753
-76.64729774228054
-153.7304623849415
-98.27792808918308
-171.31042853355163
-75.25657812289262
-184.0853508808887
-86.79552007252495
-188.93733341820112
-105.09580251277589
-75.3778838782296
-209.97539261033154
-64.57793355283431
-121.47773393026326
-125.37163924606723
-211.48676156597585
-95.37765812759703
-152.87519893946018
-226.7085038351235
-189.8924328832215
-85.69186065665998
-331.37251254871114
-162.18983146482321
-207.59071093383486
-102.59040758572989
-137.62556888714164
-126.4783756109274
-112.92736547188949
-121.65219934127309
-134.24365306327587
-82.08754948932639
-167.32207511956992
-67.87857339510603
-118.51807120411982
-84.23548461012534
-143.14200894246213
-81.83316793867812
-183.39367133198365
-181.30314869351866
-146.56818783405276
-273.7993270350876
-141.87962243910937
-119.65600099324065
-135.47618371243163
-65.94261336506634
-122.63838259765207
-81.06970482385759
-100.19758723456513
-125.85045959506722
-79.2205252897839
-75.71433967302187
-115.19909466469989
-163.8583956646813
-105.43718191957424
-167.70012593088913
-159.60913275129113
-124.80783440749134
-170.27565986306155
-297.83905746561175
-209.51888301364207
-93.24250553588442
-112.69003474817708
-115.0108382677897
-76.00372734715339
-100.78631018758152
-77.70404100934113
-126.95030283672597
-79.9469103276994
-66.9166844257469
-96.05164617943426
-111.79951699312996
-83.36768207090574
-80.12077053762226
-90.60722619099974
-60.231394135063
-187.57915239005305
-63.79092311895474
-61.7375760454711
-194.63530195836626
-89.60354056936603
-68.37037962769487
-222.83256333709596
-215.8511506939022
-90.6979349455735
-100.38879993573627
-89.20721611306891
-194.9825107134456
-77.41466761224167
-76.65278508581045
-67.06272253471259
-174.13352953824884
-67.93559963204899
-61.78992800144786
-224.3646076812606
-97.47634587530123
-180.97702217490573
-123.84664921240011
-89.14130351772347
-71.25441935496065
-65.68726783493312
-81.63561659577684
-92.83240928135551
-85.19341158321576
-66.37998435867985
-87.17421756161492
-115.35077150418033
-116.78393036637455
-127.88263871029267
-79.70395360939958
-70.73447188420225
-98.98575928666537
-127.40049035757978
-97.24699761389545
-143.99302897681747
-175.1338398126472
-85.7961529659312
-61.209965117713324
-79.5114606135637
-80.09253490614896
-73.39213280768314
-80.55820846091905
-95.64908665746921
-78.30263585972628
-116.60400765051293
-61.209965117713324
-59.8205991352783
-72.06010407394167
-76.51282808100115
-82.42657142713378
-65.81031698561407
-181.319824434013
-93.98845428766779
-79.51947084696839
-58.07777807074591
-85.90087785997261
-141.37637265388062
-57.34942680832171
-73.04696911733518
-65.98477225738611
-59.45140262214818
-104.01729846159832
-70.7260740606747
-76.43271175217008
-57.32988916381463
-164.74704304937924
-66.00871516620178
-56.61749408779909
-86.46466306401497
-102.65424577203916
-63.44735204271427
-56.38092073785066
-83.72433912910277
-107.35184386259841
-72.08160221418596
-94.76510533656904
-56.38092073785066
-68.12412089285417
-115.36581789763447
-101.56667867337774
-69.84304626573645
-70.07504882217549
-78.02540085828
-89.27192593111525
-104.70916558583049
-57.01320393938042
-92.91433409818084
-68.52683438918079
-115.601081846737
-147.7721779942466
-69.46081638131236
-56.92098018789095
-131.64584101243085
-57.519447794895385
-131.77345262628603
-135.9343032027987
-69.02197753878926
-121.12395765393919
-67.36528607096298
-54.788853692210736
-55.97479661211507
-190.79749606399588
-54.65963902995183
-67.69793900073672
-54.65963902995183
-79.14344937185915
-67.02657114237444
-54.17000919258571
-55.49524759449534
-104.33846069349882
-55.86219823226163
-53.59298293679008
-134.72368996743418
-95.25398512933153
-53.91793092735246
-53.96514940943386
-57.46758639534626
-119.87868777277887
-129.31704982689183
-66.72101857433773
-58.13431258843333
-110.19615667267122
-95.2803912737734
-53.930146109191654
-85.0796901577873
-81.92132377204734
-63.99648520960358
-64.78572445800776
-51.61223725603158
-54.920795635439944
-53.13363599755505
-53.157900066266976
-157.51858576897445
-66.16284066799345
-51.36468879378806
-68.61475479427327
-62.59710574944393
-51.39568304699792
-51.406946419395894
-111.61504812966693
-51.46552506315858
-109.61187036588737
-51.46552506315858
-59.8301875642117
-63.36814281751613
